4
2
5
4
3
16
4
2
4
3
3
1
7
4
3
1
7
11
3
5
15
6
1
12
2
2
2
3
5
15
7
46
1
2
1
2
2
4
10
3
4
1
1
8
10
2
2
3
8
8
11
5
7
6
6
16
30
26
2
2
1
2
30
3
4
4
6
1
3
4
4
6
2
3
1
6
2
6
2
3
2
17
2
6
2
27
4
37
3
20
28
12
35
28
9
12
7
7
10
9
25
1
3
2
3
4
2
6
19
2
4
2
2
12
26
2
4
3
1
2
2
7
16
4
4
2
7
4
2
2
31
6
12
4
2
2
3
7
6
4
6
2
2
4
1
7
4
5
2
2
6
2
2
2
1
6
24
16
5
6
3
2
2
1
1
4
3
1
2
3
2
2
9
3
15
1
21
17
1
2
10
6
4
4
3
1
2
16
2
14
3
31
1
3
1
1
4
10
5
8
4
14
4
10
3
6
16
4
9
7
7
14
11
4
2
2
13
9
11
22
3
6
3
8
1
4
4
6
4
5
4
3
5
4
22
6
10
3
4
4
4
3
3
1
14
2
2
1
1
8
4
10
3
3
4
1
1
2
2
9
7
2
4
5
6
61
15
25
2
2
3
2
3
12
1
4
1
2
3
1
2
5
2
2
1
6
1
12
13
3
3
6
3
3
6
10
7
7
11
7
2
6
10
56
16
3
1
6
1
5
29
51
4
1
3
3
46
2
3
9
3
4
1
6
3
2
14
2
1
1
3
3
4
1
4
6
3
3
17
1
6
6
4
15
1
3
46
2
22
4
8
2
5
1
21
6
7
16
1
6
1
3
20
4
7
29
2
1
23
1
12
6
4
6
15
24
1
2
10
2
9
1
2
1
4
6
2
4
12
10
2
8
12
22
1
12
4
1
6
40
2
6
3
3
6
2
4
2
11
7
13
4
15
9
3
14
2
4
2
6
9
4
3
2
6
4
2
4
4
2
16
15
2
4
5
10
2
6
1
2
3
6
1
2
19
2
4
17
9
2
40
20
1
1
3
9
10
7
2
22
6
2
1
6
2
13
1
1
2
4
1
11
6
4
2
1
2
6
16
2
16
2
1
21
7
23
12
15
2
4
9
1
1
10
1
2
40
11
3
19
4
20
2
4
2
1
6
23
4
3
3
4
8
1
3
3
2
1
4
6
3
2
1
9
2
1
10
8
4
2
2
62
2
2
4
38
2
2
4
1
1
6
2
2
2
15
8
1
2
25
2
3
1
29
4
1
6
4
2
6
3
7
3
7
4
1
3
3
4
7
6
2
18
1
3
18
16
2
4
4
34
7
2
3
7
2
2
5
1
3
5
2
3
3
10
2
3
1
2
38
2
8
3
10
9
3
7
7
4
6
1
1
4
2
2
3
1
8
6
4
3
2
4
2
1
138
12
10
2
1
1
14
3
6
4
2
11
2
12
3
3
2
8
2
4
12
2
10
4
4
4
3
6
1
1
7
4
12
1
8
1
3
6
12
20
1
3
6
1
1
4
1
12
1
2
2
9
1
5
2
2
2
4
6
3
17
3
7
2
3
12
6
1
3
2
9
4
2
6
2
12
8
4
10
4
2
4
5
3
12
2
2
1
1
22
4
2
3
1
3
6
9
6
2
4
9
14
7
4
1
2
5
2
4
10
7
3
1
11
24
8
1
3
3
2
2
5
1
2
6
2
6
7
2
7
3
2
5
3
5
2
2
6
2
22
4
3
2
7
8
1
33
6
1
12
3
31
7
4
4
12
24
4
3
45
2
1
1
4
4
8
2
1
3
15
57
2
6
1
2
8
12
6
1
5
40
1
42
4
2
6
9
6
3
2
13
45
4
2
14
2
4
19
7
2
5
4
3
16
3
15
10
2
2
4
8
2
2
5
14
52
2
2
2
3
41
5
5
2
3
7
1
4
2
4
33
3
13
4
5
1
16
1
13
21
4
6
8
8
1
1
6
7
3
6
2
5
16
6
1
6
1
4
4
4
9
3
6
15
8
7
33
7
1
1
8
7
2
20
4
27
9
1
12
2
3
9
3
3
3
2
2
2
6
3
2
1
1
6
2
6
3
4
11
6
98
8
4
5
5
1
10
3
2
15
25
6
7
4
4
1
2
7
4
1
2
2
10
2
42
2
6
2
3
20
1
6
6
17
4
2
2
2
3
2
22
3
7
15
8
3
2
6
3
2
16
9
20
5
20
2
3
7
3
3
4
15
2
1
3
4
3
25
8
3
4
2
2
5
29
Day12 - Challenge1: 7007
